$bGrid
$bGrid$bGrid
           [,1]        [,2]      [,3]       [,4]       [,5]       [,6]
 [1,] -3.141593  -3.1415927 -3.141593  -3.141593 -3.1415927 -3.1415927
 [2,] -3.141593   0.0000000  0.000000 -11.870826 -5.3012841 -0.9819012
 [3,] -3.141593   0.0000000 -1.716254  -5.307043 -3.6773448 -2.6058405
 [4,] -3.141593 -11.8708260 -5.307043   0.000000 -2.3276495 -3.9555359
 [5,] -3.141593  -5.3012841 -3.677345  -2.327649 -2.9402157 -3.3429696
 [6,] -3.141593  -0.9819012 -2.605841  -3.955536 -3.3429696 -2.9402157
 [7,] -3.141593   0.0000000 -0.976142  -6.431461 -3.9555359 -2.3276495
 [8,] -3.141593  -8.8873318 -4.566931  -0.976142 -2.6058405 -3.6773448
 [9,] -3.141593 -26.3034678 -8.887332   0.000000 -0.9819012 -5.3012841
[10,] -3.141593  -3.1415927 -3.141593  -3.141593 -3.1415927 -3.1415927
            [,7]      [,8]        [,9]     [,10]
 [1,]  -3.141593 -3.141593  -3.1415927 -3.141593
 [2,]   0.000000 -8.887332 -26.3034678 -3.141593
 [3,]  -0.976142 -4.566931  -8.8873318 -3.141593
 [4,]  -6.431461 -0.976142   0.0000000 -3.141593
 [5,]  -3.955536 -2.605841  -0.9819012 -3.141593
 [6,]  -2.327649 -3.677345  -5.3012841 -3.141593
 [7,]   0.000000 -5.307043 -11.8708260 -3.141593
 [8,]  -5.307043 -1.716254   0.0000000 -3.141593
 [9,] -11.870826  0.000000   0.0000000 -3.141593
[10,]  -3.141593 -3.141593  -3.1415927 -3.141593

$bGrid$cellRatio
[1] 5

$bGrid$x
 [1]  5 10 15 20 25 30 35 40 45 50

$bGrid$y
 [1]  5 10 15 20 25 30 35 40 45 50


$fGrid
      [,1]       [,2]       [,3]       [,4]       [,5]       [,6]       [,7]
 [1,]    0 0.00000000 0.00000000 0.00000000 0.00000000 0.00000000 0.00000000
 [2,]    0 0.00000000 0.00000000 0.00000000 0.07142857 0.00000000 0.00000000
 [3,]    0 0.00000000 0.00000000 0.07142857 0.00000000 0.00000000 0.00000000
 [4,]    0 0.00000000 0.07142857 0.00000000 0.00000000 0.00000000 0.07142857
 [5,]    0 0.07142857 0.00000000 0.00000000 0.00000000 0.00000000 0.00000000
 [6,]    0 0.00000000 0.00000000 0.00000000 0.00000000 0.00000000 0.00000000
 [7,]    0 0.00000000 0.00000000 0.07142857 0.00000000 0.00000000 0.00000000
 [8,]    0 0.07142857 0.00000000 0.00000000 0.00000000 0.00000000 0.07142857
 [9,]    0 0.00000000 0.07142857 0.00000000 0.00000000 0.07142857 0.00000000
[10,]    0 0.00000000 0.00000000 0.00000000 0.00000000 0.00000000 0.00000000
            [,8]       [,9] [,10]
 [1,] 0.00000000 0.00000000     0
 [2,] 0.07142857 0.00000000     0
 [3,] 0.00000000 0.07142857     0
 [4,] 0.00000000 0.00000000     0
 [5,] 0.00000000 0.00000000     0
 [6,] 0.00000000 0.07142857     0
 [7,] 0.07142857 0.00000000     0
 [8,] 0.00000000 0.00000000     0
 [9,] 0.00000000 0.00000000     0
[10,] 0.00000000 0.00000000     0

$sumGrid
            [,1]      [,2]      [,3]      [,4]      [,5]      [,6]      [,7]
 [1,] 0.09722111 0.1384363 0.1782890 0.2104066 0.2309041 0.2385013 0.2327858
 [2,] 0.13843635 0.1921471 0.2415741 0.2792467 0.3017447 0.3088309 0.3004337
 [3,] 0.17828898 0.2415741 0.2967811 0.3362538 0.3579913 0.3633214 0.3525052
 [4,] 0.21040661 0.2792467 0.3362538 0.3744080 0.3935883 0.3966653 0.3840038
 [5,] 0.23090409 0.3017447 0.3579913 0.3935883 0.4099745 0.4109442 0.3966653
 [6,] 0.23850129 0.3088309 0.3633214 0.3966653 0.4109442 0.4099745 0.3935883
 [7,] 0.23278584 0.3004337 0.3525052 0.3840038 0.3966653 0.3935883 0.3744080
 [8,] 0.21322675 0.2753989 0.3234672 0.3525052 0.3633214 0.3579913 0.3362538
 [9,] 0.18056388 0.2338705 0.2753989 0.3004337 0.3088309 0.3017447 0.2792467
[10,] 0.13891729 0.1805639 0.2132268 0.2327858 0.2385013 0.2309041 0.2104066
           [,8]      [,9]      [,10]
 [1,] 0.2132268 0.1805639 0.13891729
 [2,] 0.2753989 0.2338705 0.18056388
 [3,] 0.3234672 0.2753989 0.21322675
 [4,] 0.3525052 0.3004337 0.23278584
 [5,] 0.3633214 0.3088309 0.23850129
 [6,] 0.3579913 0.3017447 0.23090409
 [7,] 0.3362538 0.2792467 0.21040661
 [8,] 0.2967811 0.2415741 0.17828898
 [9,] 0.2415741 0.1921471 0.13843635
[10,] 0.1782890 0.1384363 0.09722111

$sensors
$sensors[[1]]
$sensors[[1]]$c
[1] 5

$sensors[[1]]$r
[1] 6


$sensors[[2]]
$sensors[[2]]$c
[1] 9

$sensors[[2]]$r
[1] 2


$sensors[[3]]
$sensors[[3]]$c
[1] 1

$sensors[[3]]$r
[1] 9


$sensors[[4]]
$sensors[[4]]$c
[1] 10

$sensors[[4]]$r
[1] 9



$stats
$stats$sensorMatNotSorted
     [,1] [,2]
[1,]    5    6
[2,]    9    2
[3,]    1    9
[4,]   10    9
[5,]    2    1
[6,]    6   10
[7,]    6    1
[8,]    1    5

$stats$sensorMat
     [,1] [,2]
[1,]    5    6
[2,]    9    2
[3,]    1    9
[4,]   10    9
[5,]    2    1
[6,]    6   10
[7,]    6    1
[8,]    1    5

$stats$uniqRRs
[1] 0.4193308 0.5921964 0.6905070 0.7503059 0.8071458 0.8594412 0.9019069
[8] 0.9343804

$stats$acousticCoverage
            [,1]      [,2]      [,3]      [,4]      [,5]      [,6]      [,7]
 [1,] 0.05695365 0.1000804 0.1647166 0.2555008 0.3774207 0.5325701 0.7064981
 [2,] 0.11388552 0.1843620 0.2765314 0.3836660 0.5008408 0.6336066 0.7848333
 [3,] 0.20563967 0.3085441 0.4301399 0.5477911 0.6400881 0.7140346 0.7974798
 [4,] 0.33241908 0.4603149 0.6040080 0.7295027 0.7958826 0.8034052 0.7997756
 [5,] 0.48277116 0.6088259 0.7502768 0.8769875 0.9313735 0.8958777 0.8239848
 [6,] 0.64167245 0.7283951 0.8289989 0.9360812 0.9855329 0.9379388 0.8414081
 [7,] 0.79767057 0.8224503 0.8498044 0.9060359 0.9383310 0.8970064 0.8213128
 [8,] 0.92794289 0.9001027 0.8496774 0.8329156 0.8278649 0.7977246 0.7726008
 [9,] 0.98295854 0.9315554 0.8280579 0.7437067 0.6951302 0.6749292 0.7037078
[10,] 0.91617729 0.8656527 0.7460349 0.6269105 0.5517872 0.5390995 0.6007067
           [,8]      [,9]     [,10]
 [1,] 0.8540484 0.9127232 0.8461636
 [2,] 0.9229565 0.9821148 0.9141758
 [3,] 0.8866982 0.9261838 0.8625044
 [4,] 0.8132358 0.8116458 0.7483611
 [5,] 0.7702886 0.7297736 0.6671149
 [6,] 0.7673631 0.7274474 0.6841412
 [7,] 0.7847276 0.7947994 0.7929548
 [8,] 0.8065643 0.8840932 0.9229791
 [9,] 0.8009940 0.9239707 0.9819119
[10,] 0.7259626 0.8572128 0.9128842

$stats$delta
[1] 0.5328427

$stats$absRecoveryRate
[1] 0.9834845

$stats$uniqRecoveryRate
[1] 0.7503059


$params
$params$userEmail
[1] "epy00n@hotmail.com"

$params$numSensors
[1] 4

$params$bias
[1] 1

$params$sensorElevation
[1] 1

$params$shapeFcn
[1] "shape.gauss"

$params$peak
[1] 0.98

$params$detectionRange
[1] 25

$params$inputFile
[1] "src/palmyrabath.RData"

$params$inputFileType
[1] "custom"

$params$seriesName
[1] "z"

$params$cellSize
[1] 5

$params$startX
[1] 380

$params$XDist
[1] 10

$params$startY
[1] 1250

$params$YDist
[1] 10

$params$suppressionRangeFactor
[1] 2

$params$suppressionFcn
[1] "detection.function"

$params$maxsuppressionValue
[1] 1

$params$minsuppressionValue
[1] 0.5

$params$fishmodel
[1] "rw"

$params$mindepth
[1] -5

$params$maxdepth
[1] -10

$params$sd
[1] 2.562384

$params$suppsd
[1] 5.124767

$params$range
[1] 8

$params$suppressionRange
[1] 10


Changed all references to 'src/' to '' in 'acoustic/R/Description.R'
Changed all references to 'src/' to '' in 'acoustic/R/Bathy.R'
Changed all references to 'src/' to '' in 'acoustic/R/FishModel.R'
Changed all references to 'src/' to '' in 'acoustic/R/Utility.R'
Changed all references to 'src/' to '' in 'acoustic/R/ShapeFunctions.R'
Changed all references to 'src/' to '' in 'acoustic/R/Main.R'
[1] "--- Roxygenize"
